EAP,HPL,MWS,id
0.00951483068089515,0.002916122638729171,0.9875690466803757,id02310
0.9901461507087511,0.007333933579938802,0.002519915711310065,id24541
0.0005042280397820221,0.9989130868687284,0.0005826850914897237,id00134
0.1753710707189178,0.8150449858904573,0.00958394339062507,id27757
0.9360277803318399,0.025991362704887198,0.03798085696327311,id04081
0.9136228461418411,0.07847551988659593,0.00790163397156296,id27337
0.9956170956131198,0.0028343024188399817,0.0015486019680401252,id24265
0.01805377106952366,0.046283436111663835,0.9356627928188124,id25917
0.9966240507790888,0.002463040886982371,0.0009129083339287921,id04951
0.986174092264745,0.005165954830157962,0.008659952905097024,id14549
0.017388758904874593,0.032318883717191445,0.9502923573779339,id22505
0.00018119469408699721,0.9995004737373299,0.00031833156858325837,id24002
0.04437679896718219,0.08973224005462979,0.8658909609781881,id18982
0.0021068468208219043,0.996752302574469,0.0011408506047090098,id15181
0.7073587486811068,0.046525413708646254,0.2461158376102468,id21888
0.00026461419950868684,5.801353435860167e-05,0.9996773722661326,id12035
0.05629526308403163,0.006169493919833265,0.937535242996135,id17991
0.999080152970292,0.0005063937538478552,0.000413453275860287,id10707
0.75029590277239,0.05404804890216411,0.19565604832544586,id07101
0.4682617773184727,0.5160924636265484,0.015645759054979107,id00345
0.9848576281753125,0.008631742836163948,0.006510628988523461,id05912
0.9670576128667158,0.020365585347286434,0.012576801785997882,id13443
0.18568746586562143,0.044352382184730574,0.769960151949648,id09248
0.019615531957406097,0.932931962194727,0.04745250584786689,id17542
0.027749848895700892,0.003909708130723334,0.9683404429735757,id06995
0.9015468978291833,0.020009940626344935,0.07844316154447181,id25159
0.7150308638004494,0.24726388791010895,0.03770524828944167,id25729
0.9944756155971979,0.0031421138218540464,0.0023822705809481933,id26949
0.002473917793362201,0.0005374723549683755,0.9969886098516695,id27191
0.034255031140131884,0.0031133331199983626,0.9626316357398698,id07668
0.11228791815557727,0.22320778503310498,0.6645042968113178,id02230
0.9973620337266286,0.0014677250783964534,0.0011702411949749785,id15553
0.0003025159359071082,0.998912580756713,0.0007849033073797611,id25688
0.9809396320323783,0.01210331716549077,0.006957050802131,id17545
0.32002111957372453,0.35990684637820997,0.3200720340480655,id13929
0.4633114569683788,0.4577206515275938,0.07896789150402736,id12880
0.9088018770293914,0.036877453700557644,0.05432066927005103,id19282
0.0008330583107209262,0.0004637373419498693,0.9987032043473292,id14690
0.009769485642463625,0.973648920884552,0.016581593472984324,id17975
0.9912561468322361,0.003380512596935733,0.005363340570828134,id08037
0.1270363654689883,0.004514892744577906,0.8684487417864338,id15412
0.30839300391853663,0.08817374641129903,0.6034332496701642,id25032
0.9977636357955709,0.0013423155085902333,0.0008940486958388776,id27165
0.4227616582189255,0.5171801331467799,0.06005820863429464,id03327
0.9424313409013314,0.04029915746250838,0.01726950163616012,id18515
0.3175996069809407,0.021599070218585214,0.6608013228004741,id21003
0.0022955624524318478,0.9718009787437627,0.025903458803805405,id23855
0.9809524632658928,0.013029253326765938,0.006018283407341228,id20724
0.5386560088817847,0.15919279600968977,0.30215119510852556,id13303
0.011668423361846366,0.0812711127726397,0.907060463865514,id16521
0.9979444357653884,0.0013415035999435542,0.0007140606346680262,id20775
0.984164284665721,0.007497519859627905,0.008338195474651212,id13029
0.9837139036397374,0.011264631438189647,0.005021464922072773,id14660
0.0007977780272917652,0.0002131031792236796,0.9989891187934845,id11028
0.9891819605569457,0.00787791130656687,0.002940128136487362,id14180
0.9977451412321026,0.0014141076512813257,0.0008407511166161882,id25860
0.5739884516042947,0.01046190459636226,0.41554964379934306,id11910
0.004236874109477577,0.0016919217016317537,0.9940712041888907,id08065
0.01157820246781251,0.0026085485325118246,0.9858132489996757,id22674
0.2577395428754199,0.015584017782239437,0.7266764393423407,id25018
0.0004753731574014447,0.9991839226743962,0.0003407041682024109,id10892
0.7978742211962545,0.19056875802160037,0.011557020782145063,id10217
0.03104911813952518,0.013457880775418582,0.9554930010850563,id12996
0.9174496955096155,0.040727741895891484,0.04182256259449297,id18262
0.0006787349142574448,0.9986599708203485,0.0006612942653941963,id08606
0.9464427181073077,0.02049433678430962,0.03306294510838253,id17233
0.5540814484439839,0.40140148299818923,0.04451706855782687,id00101
0.8769134589572753,0.08419839112603032,0.038888149916694516,id12225
0.0013448552238180178,0.9979861107500096,0.0006690340261722264,id01364
0.9343737975662458,0.007179467967324344,0.05844673446643002,id24973
0.018934363930445175,0.0036212465316951977,0.9774443895378596,id25363
0.2274392585383987,0.015635350577350476,0.7569253908842509,id10061
0.652449839493293,0.23666762820068202,0.11088253230602509,id17673
0.16837656122584707,0.1461236257576023,0.6854998130165506,id13249
0.01940096621419403,0.004837021955119336,0.9757620118306866,id10107
0.9837784365916418,0.004245142357777457,0.011976421050580572,id04403
0.8560552357768276,0.01873575317702892,0.12520901104614351,id25728
0.11932453636503645,0.01240913964311905,0.8682663239918446,id16184
0.014018006098621768,0.0021899222744153355,0.9837920716269629,id03438
0.0016167416526501601,0.9977459565127295,0.0006373018346204324,id22923
0.9941436245593588,0.0032030862150870627,0.0026532892255541826,id08610
0.024755172779499044,0.01579227698487158,0.9594525502356293,id25355
0.5303004685875978,0.44769035274888025,0.022009178663521978,id16916
0.006868258046242734,0.9864623909766284,0.00666935097712905,id12793
0.9277686112546756,0.016768733252703838,0.05546265549262069,id11859
0.9976094962012473,0.001498000748182974,0.0008925030505696735,id02434
0.0003192860520582317,8.980326795246525e-05,0.9995909106799892,id27703
0.009036294037032449,0.982294034878107,0.008669671084860643,id25212
0.004691068184319238,0.001136213862099988,0.9941727179535809,id11308
0.9898747133626151,0.007393460785705916,0.0027318258516789507,id26094
0.9652722605385613,0.03103047599375046,0.0036972634676883786,id22080
0.9905390946320575,0.007539223519452073,0.0019216818484905683,id03545
0.004741595098316467,0.002028111138474433,0.993230293763209,id23725
0.8038350893060668,0.14259800597003064,0.053566904723902554,id12009
0.05423915730922693,0.5288353678755708,0.4169254748152022,id24241
0.0010028332478377484,0.998255960788115,0.0007412059640472023,id03596
0.06407510228687563,0.9034162408428068,0.03250865687031743,id10749
0.0038624818999336234,0.0017041917628242158,0.9944333263372422,id22794
0.7547816521644953,0.09157102110475833,0.15364732673074624,id15482
0.6003120568465166,0.31741610598109915,0.08227183717238432,id04833
0.0018567118901505436,0.0006197563892711425,0.9975235317205783,id00397
0.0838019611963312,0.22175926379429622,0.6944387750093726,id14691
0.2002292204085609,0.013114073093888724,0.7866567064975504,id05193
0.9682828876931895,0.02058254384282374,0.011134568463986841,id19541
0.00026103437731961977,0.00014190352811193062,0.9995970620945684,id22166
0.0011762465933753776,0.00029613576166982633,0.9985276176449549,id20744
0.0002697192589957597,0.0005400726077082934,0.9991902081332961,id10392
0.971991872181779,0.017885689655485027,0.010122438162735852,id00770
0.11118447532162894,0.873991067927228,0.014824456751143158,id06018
0.08942244697339119,0.012955270672685815,0.8976222823539229,id15678
0.9500428711902434,0.044403881700872186,0.005553247108884443,id08305
0.4181157350177966,0.04007523833053604,0.5418090266516673,id08903
0.5210181712344509,0.459071783844318,0.01991004492123108,id14752
0.014806785476265424,0.9818056530447815,0.0033875614789531947,id12468
0.6946230440319113,0.24248735261463797,0.06288960335345073,id05085
0.6596667901608231,0.008480522944573934,0.33185268689460307,id21993
0.9892381675641897,0.007922228994022189,0.002839603441788013,id15503
0.0003759448878409185,0.9982783895131729,0.0013456655989861545,id03021
0.9967361141594435,0.0022535965597722902,0.0010102892807842868,id16123
0.9105948976325786,0.0610663314133808,0.02833877095404062,id19383
0.9976032141744934,0.0011808594234341183,0.0012159264020725825,id04186
0.0017407442437566243,0.000602870060542341,0.9976563856957011,id17954
0.020342938818429877,0.0019901589100745146,0.9776669022714956,id12030
0.9685305437492436,0.027097041245696077,0.004372415005060195,id13020
0.005771921519368205,0.9314634760810037,0.06276460239962815,id25327
0.18913189489560292,0.04720566270489451,0.7636624423995024,id16344
0.09403772886577277,0.896039485789539,0.00992278534468837,id12303
0.9858951876371429,0.011068336805427115,0.003036475557429919,id15017
0.36492175880685523,0.04750415014637703,0.5875740910467677,id22308
0.02274210369226931,0.10078226292041452,0.8764756333873162,id06536
0.012822490632549552,0.970017265456425,0.017160243911025514,id19797
0.22039342377917062,0.6771725920749354,0.10243398414589391,id06332
0.07017111995352389,0.03603723254235345,0.8937916475041227,id22941
0.017573027574611873,0.04256590743063619,0.939861064994752,id13547
0.0007297619117914825,0.0001684433820642902,0.9991017947061444,id06928
0.4197895837483603,0.5126859423126301,0.06752447393900972,id12521
0.8610555721727504,0.008305911613023397,0.1306385162142261,id25716
0.00031476681223259695,6.410447929178779e-05,0.9996211287084756,id27116
0.005518476777521757,0.9878185683982598,0.006662954824218518,id19941
0.000348685959752733,9.602949390059681e-05,0.9995552845463467,id05711
0.0029931784314727937,0.005619320983284108,0.991387500585243,id02097
0.00022076857590684512,0.9995972277173192,0.0001820037067738982,id03563
0.05325024634924966,0.908578328165588,0.03817142548516231,id02295
0.991749769061437,0.00544649185795228,0.0028037390806108023,id08179
0.007901236287456358,0.9818389460870093,0.010259817625534462,id05332
0.649716082116462,0.17875793030607318,0.1715259875774649,id15697
0.016039716800759586,0.003798989868830984,0.9801612933304094,id17026
0.9531192043149047,0.02480190327322614,0.022078892411868983,id04243
0.9942998340776353,0.0034716467286347347,0.002228519193730047,id13175
0.9684511830370954,0.01755195941521327,0.013996857547691189,id05387
0.9194300807472716,0.052599527874853585,0.02797039137787489,id19989
0.1315034768795888,0.024391241148034547,0.8441052819723767,id25173
0.0015377715251489296,0.9973542070264138,0.0011080214484373702,id08925
0.008642647645163926,0.9757718753780391,0.015585476976796925,id03034
0.006006135244491299,0.9871740207497903,0.006819844005718251,id13272
0.9284230926080747,0.01037391109427104,0.061202996297654313,id07956
0.003943383757720102,0.0018790657017393392,0.9941775505405406,id02648
0.007125215068588509,0.002420693919027921,0.9904540910123837,id01778
0.00040433258459656596,0.00015665791602976177,0.9994390094993736,id12846
0.03637569067492504,0.00808543484329157,0.9555388744817833,id19001
0.753925552045657,0.13829568783953686,0.10777876011480601,id05763
0.0005352714849959177,9.839653582037208e-05,0.9993663319791837,id15590
0.824923308176407,0.04492618353126782,0.13015050829232513,id04912
0.7852859159861066,0.16472276575467562,0.049991318259217606,id21201
0.9932210989629974,0.0013410425848344532,0.005437858452168234,id13215
0.0694315816385099,0.9150423211726015,0.015526097188888595,id15612
0.35997618010065235,0.2801129099387712,0.35991090996057645,id18501
0.9359925430238706,0.0486979066605468,0.01530955031558252,id07223
0.2508690146223761,0.6162709939261121,0.1328599914515119,id06707
4.5531235795809454e-05,0.9998589916874827,9.547707672156089e-05,id05238
0.014419156466642435,0.04606737334652366,0.9395134701868338,id00935
0.8468077598052881,0.013295717575121305,0.1398965226195906,id00110
0.9567728269861199,0.030897599934669697,0.01232957307921048,id17476
0.9954894174025828,0.0032063426141829133,0.0013042399832343427,id15170
0.19773390053314227,0.04535735820596251,0.7569087412608952,id13397
0.9329486720890879,0.04243646892689697,0.024614858984015053,id24283
0.984917628679485,0.010610960407212513,0.004471410913302508,id15234
0.41618525434951703,0.5410782452915806,0.042736500358902474,id16884
0.7009940046138328,0.15805472066542206,0.14095127472074523,id07831
0.9823990340273921,0.013477168059671654,0.0041237979129362685,id16038
0.9635433661794289,0.022001007924702744,0.01445562589586829,id03629
0.8111845410478039,0.1534098552113371,0.035405603740858875,id21019
0.18419878173248846,0.26804058608042575,0.5477606321870858,id21835
0.0021770655491584303,0.9970981359153299,0.0007247985355115657,id04480
0.3226533373557878,0.6223837847286519,0.05496287791556041,id20838
0.3097711410052695,0.2663821484907472,0.42384671050398337,id24195
0.6506484990990979,0.30460224490449694,0.044749255996405196,id05448
0.024141623335260078,0.969486761206949,0.006371615457790791,id15957
0.00021650345134048118,7.396153572063497e-05,0.9997095350129388,id19956
0.005621167962597306,0.0026023376958770497,0.9917764943415256,id15104
0.2627375145538219,0.6904312014551479,0.04683128399103016,id17559
0.2625752450606111,0.07267744243279363,0.6647473125065952,id16839
0.9481009865947221,0.00597619175147908,0.04592282165379872,id14493
0.9701827027276224,0.011335118599065764,0.01848217867331191,id08833
0.052100634704203605,0.0029701997834933164,0.9449291655123031,id15723
0.9929548663525387,0.00395957290000524,0.0030855607474561024,id02716
0.0008791548377443003,0.99799129539079,0.0011295497714657527,id06689
0.29178495409501115,0.12110759362974409,0.5871074522752449,id18837
0.9615043555101529,0.025093866397955293,0.013401778091891903,id04466
0.9197680013887737,0.02923021867691476,0.05100177993431162,id00686
0.07847445366626257,0.9165858554843298,0.004939690849407681,id09010
0.9970809082890205,0.0014054207548530107,0.0015136709561264586,id23353
0.935204052891793,0.04857661719429875,0.016219329913908224,id00066
0.23543454254441468,0.6341707686812983,0.13039468877428687,id15724
0.016999060100251824,0.002934477922798564,0.9800664619769497,id23486
0.0031298651791567384,0.0014966238743841004,0.9953735109464591,id22258
0.9859737191066155,0.008307308367290999,0.005718972526093545,id02292
0.5990566996404445,0.04894875696433124,0.3519945433952242,id16356
0.95464774665305,0.00866623911926114,0.03668601422768901,id00235
0.06091540454247309,0.009131412299797186,0.9299531831577298,id25522
0.05175240143796582,0.9385718237553116,0.009675774806722553,id04204
0.9236389084021044,0.03344164922048684,0.04291944237740873,id22016
0.003013220491733517,0.9916344796970735,0.005352299811193149,id06480
0.02182300834006176,0.001556086932851753,0.9766209047270865,id08718
0.00015030064329117613,0.99950124695618,0.0003484524005286987,id05251
0.9741045706737282,0.0068979394706214095,0.0189974898556503,id03359
0.004950002892239341,0.0008081478472669469,0.9942418492604937,id16117
9.58393745019691e-05,0.999775965422827,0.00012819520267099408,id17000
0.019101338225480557,0.9748893969017237,0.00600926487279577,id01730
0.9904486269401612,0.007039550086917651,0.002511822972920997,id00630
0.03208217177860243,0.0021378682361878885,0.9657799599852097,id18175
0.9624921426836779,0.018696590910021505,0.018811266406300542,id00907
0.005891494242148885,0.9914646147281364,0.0026438910297148966,id18251
0.599426958686596,0.3261167884722234,0.07445625284118056,id25861
0.8659651390677093,0.0878864013597516,0.046148459572539144,id00398
0.9976951358230974,0.0011631013676786674,0.0011417628092238502,id27573
0.01674776372359478,0.8599057805174739,0.12334645575893143,id10022
0.04550666805822017,0.002465594604525363,0.9520277373372544,id15901
0.1476880688852209,0.0971129594181012,0.7551989716966779,id00451
0.0038710284206199585,0.9937184142782317,0.002410557301148334,id23129
0.3811451556587262,0.34647732783965735,0.27237751650161646,id26498
0.1505885837950927,0.5723307631468026,0.27708065305810475,id14741
0.23924043066559877,0.024560942614874307,0.736198626719527,id18453
0.9660258112287701,0.027879493019309524,0.00609469575192061,id08309
0.9968653169819475,0.0017402943066990048,0.001394388711353671,id00320
0.41632134132549625,0.06295099348961161,0.5207276651848921,id07688
0.0018635595273071787,0.0005704522637535077,0.9975659882089393,id01556
0.4572158414263282,0.06611075822766291,0.4766734003460089,id00178
0.009989853706612753,0.01811145654289972,0.9718986897504874,id18902
0.2771921496739778,0.711715838041472,0.011092012284550205,id27002
0.9982228450343446,0.0011110003583187167,0.0006661546073366828,id21418
0.031928729993895594,0.08564357179120365,0.8824276982149006,id23018
0.24718380011756502,0.02979976679013659,0.7230164330922983,id07032
0.7464238889585345,0.049133047302873004,0.2044430637385925,id16195
0.02099658008726956,0.9685892937322702,0.010414126180460389,id11202
0.9826969896317906,0.003453364174360482,0.013849646193849026,id09578
0.8859566618030239,0.015580790289803585,0.09846254790717238,id26984
0.001014762169233794,0.9983332434600135,0.0006519943707527337,id19856
0.41408174962860755,0.06221399025880647,0.523704260112586,id12086
0.013725722125045452,0.0038416260973529012,0.9824326517776018,id12052
0.0026171478299655787,0.0011199003172300806,0.9962629518528042,id17728
0.4721404562011119,0.05427564215659864,0.47358390164228953,id24608
0.08383979632353879,0.021947876355061142,0.8942123273214002,id21097
0.00041565420591744244,0.0002654294824487707,0.9993189163116338,id20179
0.7602453284634633,0.0866230991912683,0.15313157234526856,id15144
0.9940692444716315,0.0031277324299021788,0.002803023098466381,id00206
0.0005089538780632191,0.00020590540175655965,0.9992851407201803,id22285
0.09691241080870125,0.39929199814026883,0.5037955910510298,id06417
0.08810252361018249,0.9030021530721005,0.00889532331771698,id00215
0.1081685723997646,0.016906333744532494,0.8749250938557029,id04201
0.9950533118762188,0.0032727117066518414,0.0016739764171293794,id21771
0.03037959577088887,0.6783648285717817,0.29125557565732946,id12451
0.010619289721649057,0.9635808489739629,0.02579986130438796,id14250
0.7421983285296601,0.21397873764067385,0.043822933829666046,id03433
0.0014305817713053425,0.0005508574884321002,0.9980185607402624,id03303
0.14107149859993823,0.6334900569000864,0.2254384444999753,id25901
0.930292967264862,0.022359557266700712,0.04734747546843736,id06945
0.8525980922624308,0.0972488230186793,0.05015308471888992,id05664
0.9977591566332392,0.0013445231663264162,0.00089632020043432,id05741
0.9800141480738738,0.012303301094973828,0.0076825508311522805,id10652
0.9740385749164178,0.013018126908319612,0.012943298175262491,id16300
0.9188483855327042,0.031472221205448334,0.049679393261847365,id12319
0.0019580321617490406,0.9973936357351474,0.0006483321031034973,id07500
0.7029653538840476,0.18500205055933666,0.11203259555661581,id12478
0.00624287878599789,0.000875483448197068,0.9928816377658051,id03076
0.5486287897818672,0.3293061868028776,0.12206502341525516,id00969
0.008084209229094782,0.982118229417719,0.009797561353186296,id23636
0.017111601802581856,0.07570479135481933,0.9071836068425987,id09791
0.047966175813951004,0.8483759052356711,0.10365791895037788,id05680
0.09417526675703385,0.5646383724693452,0.3411863607736209,id03672
0.0009732103852344407,0.9941221662195966,0.00490462339516886,id04286
0.016153526224605492,0.6117816354803212,0.3720648382950733,id23883
0.19953245224132776,0.01069607149572781,0.7897714762629444,id11914
0.0011240422696990877,0.997933381053338,0.0009425766769628464,id20974
0.22564256349437017,0.03166376680333684,0.742693669702293,id26125
0.0827343031785711,0.006817893746521968,0.9104478030749069,id15543
0.9980902851711773,0.0010674906342079907,0.000842224194614694,id19471
0.9087990744702662,0.07477136144906478,0.016429564080668983,id11503
0.0012375072790520724,0.9943397489373929,0.00442274378355508,id09321
0.0001321321122752251,9.739878623262557e-05,0.999770469101492,id25560
0.21579998156049376,0.11165505617134538,0.6725449622681609,id06726
0.9949377929511634,0.0023936513962641744,0.002668555652572353,id05709
0.11895474483346491,0.7496416085084087,0.1314036466581265,id09788
0.997865999428498,0.001378036142926535,0.000755964428575571,id05289
0.0022834011217537776,0.9961911798911365,0.0015254189871098211,id11815
0.7206280054159254,0.04767521139892417,0.23169678318515052,id22422
0.9630426172075647,0.01240505350104152,0.02455232929139379,id25954
0.735524572411643,0.17844789301024128,0.08602753457811566,id13601
0.9058950031903332,0.025105847171316927,0.06899914963835001,id05677
0.10312993832996865,0.8910003142494027,0.005869747420628406,id10498
0.6068032436497025,0.36887748954540905,0.024319266804888388,id02665
0.07374910932222296,0.5917310784551485,0.33451981222262844,id10114
0.9573998108318533,0.03496668779956888,0.007633501368577817,id26314
0.08663740334019542,0.08490636977269207,0.8284562268871125,id21240
0.9941438076660326,0.003919472312122534,0.0019367200218447932,id15569
0.15370627318462124,0.0716697613145841,0.7746239655007947,id25928
0.003638779779430285,0.9944162519781803,0.0019449682423894011,id22706
0.00014968780861643823,0.9992050297842922,0.0006452824070914954,id20877
0.9692508187503631,0.011836257430689943,0.018912923818946912,id04318
0.3856365332210165,0.19423802738116117,0.4201254393978224,id18299
0.0013484906698405777,0.000455943902744537,0.9981955654274148,id08126
0.8492396532316532,0.019904697616381563,0.13085564915196515,id14293
0.993709293349801,0.0018416744408434075,0.0044490322093556495,id12759
0.5391587509431309,0.08308451433483431,0.37775673472203475,id11983
0.08188319077671567,0.8380328035969793,0.08008400562630498,id05580
0.30305884692983115,0.6047067924828881,0.09223436058728085,id25846
0.8886062220597273,0.021672995865867403,0.08972078207440518,id01939
0.03128696123957752,0.8707874400982635,0.09792559866215904,id26327
0.00020228172675098297,6.883734114694776e-05,0.999728880932102,id11068
0.9657902799361126,0.017112443116216368,0.017097276947671037,id08404
0.7346743343418807,0.24826777614136428,0.01705788951675509,id27189
0.003361917635008984,0.9871842389353631,0.009453843429627847,id15119
0.9958639582205905,0.0017003423240931257,0.002435699455316318,id26525
0.6953795777522664,0.27387221746507906,0.030748204782654557,id03618
0.9905225359706623,0.0060354517611280025,0.0034420122682096215,id27220
0.0014468539606660356,0.00023811471088483493,0.998315031328449,id18777
0.985155222606101,0.009060835987360091,0.0057839414065388745,id20213
0.9823301639255336,0.013124156039531758,0.004545680034934404,id20403
0.08998127363659596,0.019449948279522594,0.8905687780838814,id03777
0.3168486634890396,0.6399888134738125,0.04316252303714794,id10595
0.4160142824996028,0.037534747791089035,0.5464509697093083,id13816
0.002668960487957181,0.0007224661495071449,0.9966085733625356,id05667
0.764016544193294,0.029080236690116924,0.20690321911658902,id24629
0.21456271511772476,0.26994863274446246,0.5154886521378128,id20398
0.0005607003348818041,0.00017637750880496582,0.9992629221563132,id14108
0.00014002571191526987,0.9997142441001801,0.00014573018790473144,id06196
0.5433276345724887,0.4206611840642719,0.03601118136323945,id02800
0.00013297022691633877,0.999636540723681,0.0002304890494026702,id18732
0.023180765693988716,0.9558450226542938,0.02097421165171739,id11915
0.9843497506292938,0.009594420770580207,0.006055828600125904,id09739
0.9960425282351762,0.0018835020968869373,0.002073969667936929,id24672
0.000166249135519796,0.0001913928848171448,0.999642357979663,id00414
0.9104621068369075,0.0520051140874486,0.03753277907564375,id16307
0.023987483164477148,0.0020450499685459055,0.9739674668669769,id14043
6.347205836935344e-05,5.039536944167867e-05,0.9998861325721891,id00517
0.9928855657844885,0.004989495526774724,0.002124938688736831,id09744
0.9757476320790235,0.01188631461966747,0.012366053301309004,id19257
0.9470694448484255,0.042367916382807284,0.010562638768767127,id15437
0.08874796769091743,0.02671421868666225,0.8845378136224203,id16352
0.6172792583036225,0.14144177390863408,0.24127896778774338,id18849
3.0282746687820284e-05,0.9999120725750777,5.764467823439712e-05,id19434
0.06437252023295675,0.040521879538812845,0.8951056002282305,id17928
0.033602221810743224,0.010682252794183389,0.9557155253950734,id16896
0.02148292142700405,0.09637442549298199,0.882142653080014,id02135
0.984040107479736,0.008729211652538522,0.007230680867725585,id15075
0.0016179403993974736,0.997153771557752,0.0012282880428505175,id27486
0.9853794572601243,0.011481436690951849,0.003139106048923783,id19422
0.022453884829932127,0.9541513615517809,0.023394753618286895,id09603
0.03085763566539086,0.9565915313152255,0.012550833019383794,id02133
0.6335673660483158,0.0261523491674513,0.34028028478423294,id03441
0.0007369724565863478,0.9986684077471268,0.000594619796286888,id02398
0.17712367563591483,0.009313233159713743,0.8135630912043714,id05152
0.7640774212458121,0.023521115521013974,0.21240146323317385,id17838
0.9038431774148745,0.08657318251392788,0.009583640071197596,id25060
0.10488649898851933,0.020199195167274784,0.8749143058442058,id09998
0.002371743952582041,0.9929594613984656,0.004668794648952334,id01828
0.8200882132315245,0.04009896138225081,0.13981282538622478,id25377
0.05113555358791508,0.9418719894203765,0.006992456991708376,id22175
0.01515808353837039,0.008124985291935298,0.9767169311696944,id02974
0.9949924712510302,0.003890101934388662,0.0011174268145811316,id26955
0.9510876990423922,0.011835020629658037,0.037077280327949665,id21091
0.8795142587910476,0.10832112551332312,0.012164615695629245,id12802
1.9307789721862116e-05,0.9999194390759014,6.125313437682455e-05,id07432
0.049150484616037,0.9144498136414987,0.036399701742464166,id18749
0.00045258168937391556,0.0002851527291053524,0.9992622655815208,id15030
0.0148631779473837,0.9810642766501991,0.00407254540241726,id17155
0.0007124721315000786,0.9978277653461897,0.001459762522310151,id08128
0.0011701816173066374,0.9915274131352126,0.00730240524748076,id25706
0.9942743257002079,0.004209784586922917,0.0015158897128691887,id15645
0.9793963672552992,0.013789469493189379,0.006814163251511361,id04943
0.016572055229531108,0.011004707601762826,0.9724232371687062,id27566
0.19593749491060136,0.13812480402975238,0.6659377010596462,id11765
0.24326169416849022,0.5916231942736634,0.1651151115578465,id13783
0.001666108727322573,0.0006465572273501606,0.9976873340453272,id00492
0.05889714692296339,0.012343103373816914,0.9287597497032197,id27636
0.7066033944302472,0.26263673492124834,0.03075987064850446,id04273
0.013145068980762746,0.0023957751590416194,0.9844591558601956,id02537
0.8452905127488102,0.14338006492175176,0.011329422329438026,id24349
0.00015144744493088882,0.9993147595333634,0.0005337930217057878,id00023
0.6519466696322536,0.2814852521959857,0.06656807817176083,id23025
0.9912952590410374,0.0023133726489043306,0.006391368310058331,id08722
0.9967048188706522,0.0021890870860023473,0.0011060940433452323,id02420
0.9819532957758242,0.007389882356267662,0.010656821867908143,id10811
0.0036172131126862525,0.0035674048573791977,0.9928153820299346,id04019
0.9920319142604397,0.005719233711318433,0.0022488520282418233,id18334
0.6350934407245915,0.31950238531106645,0.045404173964342,id16781
0.6833792687243554,0.292289872189993,0.024330859085651635,id08773
0.968852209915088,0.013781038997602878,0.01736675108730903,id19214
0.00922302525471194,0.9549996118875533,0.0357773628577348,id09589
0.9860336120735521,0.005207832412144614,0.008758555514303174,id24246
0.9829004743796816,0.015054471479671414,0.0020450541406469465,id23577
0.9720826971428532,0.005481623527699122,0.022435679329447726,id09305
0.46771404985960724,0.07000033274646858,0.46228561739392415,id16460
0.9330596648094731,0.03113714175497964,0.035803193435547095,id21115
0.5868203011956106,0.07607805547134476,0.33710164333304465,id25996
0.005567405339221663,0.0025710624213512966,0.9918615322394271,id02551
0.0019159610378125485,0.00020798198501143606,0.9978760569771761,id19352
0.0064656392091254344,0.0022745065412672905,0.9912598542496073,id03806
0.9874350755519711,0.0032502257712252636,0.009314698676803543,id26544
0.9874782671487655,0.009282446378736063,0.0032392864724985486,id18761
0.0021835173912982597,0.9956187420168884,0.002197740591813344,id24148
0.051921794964653455,0.9222341358817159,0.025844069153630574,id16095
0.9471329062577065,0.03439678628598381,0.01847030745630955,id18442
9.2575495563872e-05,4.95398573137924e-05,0.9998578846471222,id22596
0.015279745193671309,0.006530906544859853,0.9781893482614687,id23002
0.9974857169590672,0.0015129618156054328,0.0010013212253274228,id04797
0.03119313616761747,0.003658757598949085,0.9651481062334335,id06610
0.1912241824711209,0.6681113430967717,0.1406644744321074,id16173
0.011947844724833151,0.006290347430438512,0.9817618078447282,id18292
0.998310446124733,0.0008307493048162137,0.0008588045704508795,id27328
0.05102231191977489,0.9226404424338943,0.02633724564633081,id01695
0.5696971971335142,0.024304625538284007,0.4059981773282017,id05761
0.9943774686280447,0.0027658241276547085,0.002856707244300603,id16354
0.05924523540272839,0.7818208281790837,0.1589339364181877,id12207
0.060155886124030854,0.013889176274127233,0.925954937601842,id05665
0.9387440366438303,0.045686120932783326,0.015569842423386231,id01911
0.021540171614757193,0.0020413549796372793,0.9764184734056055,id19153
0.2541735795924702,0.5050965383208214,0.24072988208670848,id10295
0.1708253512547913,0.7487411082861533,0.08043354045905553,id23038
0.052768270046673234,0.9405981980978111,0.006633531855515493,id23783
0.988490094305043,0.008889834560320888,0.002620071134636078,id27879
0.001382022002035212,0.9980454127187078,0.0005725652792569411,id19190
0.9481600389919748,0.03561574589021885,0.01622421511780642,id05065
0.0058764585372579605,0.9901442774457927,0.00397926401694935,id21296
0.250952827721223,0.2198994892055413,0.5291476830732357,id13262
0.9667728520989056,0.01922078630359052,0.014006361597503812,id10333
0.23955896558394194,0.4770749560447057,0.28336607837135247,id16677
0.3795822178609543,0.04348732325126372,0.576930458887782,id01392
0.9907986187487561,0.006685924222205365,0.0025154570290386513,id27874
0.001674664290933768,0.9711712494252074,0.027154086283858833,id02294
0.0028677150054363726,0.001975790746174819,0.9951564942483889,id18298
0.9942464367893425,0.0038078842649010222,0.0019456789457565264,id06997
0.2941192621820351,0.41033211154282623,0.29554862627513867,id05243
0.04962858119449395,0.9089124867138338,0.04145893209167237,id00860
0.9884502356335663,0.008806731242946928,0.0027430331234868026,id26681
0.0006388947030023105,0.0002732523366557388,0.9990878529603419,id06020
0.9234338090718153,0.05166490128671332,0.024901289641471393,id27683
0.000880633240713554,0.9981426379048505,0.0009767288544359895,id17655
0.011133737771763876,0.004448588065085559,0.9844176741631506,id08817
0.0009020541277107732,0.0008020365476501418,0.9982959093246391,id11512
0.14384115162402175,0.05841383533796251,0.7977450130380156,id00478
0.8885097295111365,0.07176390846957569,0.039726362019287656,id02116
0.9323044727708174,0.05761369161496824,0.010081835614214269,id06746
0.37427436400923547,0.5584851779310009,0.06724045805976364,id03863
0.10809837955761666,0.49798260780322295,0.3939190126391604,id01802
0.9509952695921801,0.01500473032562725,0.03400000008219258,id11682
0.00019587789483556205,0.9993029031912799,0.0005012189138846694,id04033
0.13910785588586125,0.6640164698919826,0.1968756742221562,id09286
0.9980400309883066,0.001192552300254731,0.0007674167114386176,id12904
0.0008354542218218462,0.0005606391172722668,0.9986039066609059,id07420
4.761264180028885e-05,0.9998610460566267,9.134130157307075e-05,id22398
0.06148940631055916,0.008251398665479456,0.9302591950239613,id00424
0.9880881254907893,0.00915602654932757,0.002755847959883161,id20960
0.46631124040512323,0.3061434814376182,0.22754527815725867,id10267
0.47632819670552645,0.02360323536285267,0.5000685679316209,id19330
0.0009525027782034245,0.9974324245296043,0.0016150726921922854,id00994
0.7867560915966082,0.1507981518490341,0.06244575655435769,id10785
0.0011547874633318154,0.9974622894698455,0.0013829230668228171,id00955
0.0012654295644147764,0.9978452982300401,0.0008892722055450317,id09757
0.04347184523942704,0.029256617123155512,0.9272715376374174,id10030
0.1415293225643512,0.17563974820187647,0.6828309292337722,id22952
0.0008830105040832842,0.0014431747653344126,0.9976738147305823,id21955
0.3027329220187559,0.29964167558560767,0.3976254023956365,id07674
0.004165328409480387,0.9933938769083217,0.0024407946821979,id13760
0.9822506501441333,0.008102491314826757,0.00964685854104013,id18166
0.7892127293210656,0.20088493724858708,0.009902333430347276,id23498
0.9930347122001408,0.0030964639936094493,0.0038688238062499123,id05296
0.9861660026462189,0.008974232517075478,0.004859764836705685,id26709
0.9965621000041006,0.0021907924017485736,0.0012471075941507255,id02853
0.20327361827713525,0.08264056493486628,0.7140858167879984,id06800
0.8930079053858004,0.09295223855014259,0.014039856064056938,id14758
0.9854168789884881,0.007827282594315555,0.006755838417196294,id12356
0.9667109156687717,0.013808347160019925,0.019480737171208417,id21492
0.8682018023398833,0.03247901991870147,0.09931917774141531,id27540
0.29674983017451567,0.029423120122189273,0.673827049703295,id07376
0.2622328725998905,0.6833938017092985,0.054373325690810874,id15201
0.0028556325775649554,0.9924259157364254,0.004718451686009632,id23388
0.12248954470495596,0.849503493645281,0.028006961649763115,id13923
0.00050053982184685,0.9979748653520356,0.0015245948261175645,id00794
0.14092639627485645,0.06609133411859326,0.7929822696065503,id23910
0.002660900005614883,0.0015944149824907402,0.9957446850118944,id02556
0.006988385162499849,0.9913452676463478,0.0016663471911523677,id22151
0.0037273871124197397,0.9906465967555648,0.00562601613201564,id11698
0.7719267692163636,0.0652957981992556,0.1627774325843809,id11627
0.9978727936397409,0.0013435058891820837,0.0007837004710770755,id06340
0.9913583893699611,0.0022690530329340696,0.0063725575971048795,id05123
0.002777619441050981,0.0007124067976534362,0.9965099737612956,id26620
0.11893120430878061,0.20634394371644443,0.674724851974775,id04002
0.061815597007472245,0.903264689496898,0.03491971349562967,id26554
0.5694238965470965,0.175189442936705,0.2553866605161985,id18012
0.03165446196385126,0.00609360650043507,0.9622519315357138,id12964
0.02292222002157859,0.4597824576600839,0.5172953223183375,id18965
0.1602720485396314,0.00793335583813679,0.8317945956222319,id19082
0.006161323057930979,0.0010225756195442373,0.9928161013225248,id26742
0.27211420010463827,0.6745195242321568,0.05336627566320488,id15442
0.8737899124755681,0.023439659825613655,0.10277042769881811,id16647
0.3136544778410661,0.052478896985911135,0.6338666251730227,id11544
0.28969242985735466,0.06578159008164364,0.6445259800610017,id20581
0.034092376809727015,0.9431014102756546,0.02280621291461847,id13192
0.05019657183135765,0.029880387971884033,0.9199230401967583,id15814
0.047108559030913134,0.9410221191056807,0.011869321863406139,id26279
0.9914931944185428,0.003486648301948369,0.005020157279508693,id00240
0.9973781661067819,0.0011931293575944964,0.001428704535623693,id22836
0.03861118565124215,0.5323995144507431,0.4289892998980148,id15085
0.34123123062030747,0.04267132306194639,0.6160974463177462,id17495
0.8810204880474335,0.013907085385004764,0.10507242656756174,id26762
0.9971143546412775,0.001088152399846955,0.001797492958875647,id13685
0.0005490259410809392,0.9991185619465105,0.00033241211240842694,id16560
0.0001610958515053856,0.9995408494824607,0.0002980546660340262,id17184
0.9985040585350238,0.0008344569980970861,0.0006614844668789788,id21635
0.23477894876652042,0.4882403816516274,0.2769806695818522,id26751
0.9836092106064743,0.006600970416058918,0.009789818977466827,id12351
0.3809951352653611,0.5218029049934241,0.09720195974121473,id14872
0.9855722928661572,0.010059705694759405,0.004368001439083522,id18372
0.9552678351151142,0.029819113701326613,0.014913051183559189,id26851
0.967596945491444,0.029160203568496235,0.003242850940059631,id22659
0.0026087124157680463,0.00044553777347286326,0.9969457498107591,id04102
0.0034633328367803537,0.9929989673721779,0.0035376997910418536,id02353
0.9935175251594245,0.004534147872827508,0.0019483269677481924,id26721
0.8734644979787122,0.01508397560699068,0.11145152641429716,id11171
0.3239290218064569,0.6609037184446439,0.015167259748899242,id13562
0.8259622993819351,0.024108026600942307,0.1499296740171226,id26425
0.12712920696357463,0.031054475761649263,0.8418163172747761,id26394
0.4191759883432702,0.5151075406550183,0.06571647100171152,id22187
0.9960501448705738,0.0025745358947483147,0.001375319234677987,id00422
0.0004943048840596811,0.9992138957195875,0.0002917993963528613,id22667
0.906104018241158,0.039047428846403325,0.05484855291243857,id00911
0.5384081709720101,0.015834391121826247,0.4457574379061637,id17291
0.029858285391392892,0.09659662055635473,0.8735450940522524,id01915
0.03492129227291331,0.0060096520383890765,0.9590690556886976,id01434
0.45608176195117917,0.019680450487873747,0.5242377875609471,id01584
0.9659231598301328,0.01319573403640801,0.02088110613345926,id09266
0.00010112402823785825,0.9997407807215382,0.00015809525022401842,id17494
0.18903992381313073,0.4514679069636503,0.3594921692232191,id24919
0.023683766082228594,0.003443586978864683,0.9728726469389068,id21043
0.0020898937440868882,0.9970755491146884,0.0008345571412245972,id17796
0.05217474743113824,0.012564402839610852,0.9352608497292509,id02166
0.9132845677898611,0.017546294298065784,0.06916913791207305,id17503
0.3771764134695101,0.15681666892388363,0.46600691760660634,id21203
0.9980011563802241,0.0011750963873731874,0.0008237472324026044,id25626
0.9954655053440811,0.0027870458799437994,0.0017474487759753367,id09836
0.022902368699178503,0.05040860200416143,0.9266890292966601,id24202
0.7873720525674338,0.037356431897918665,0.17527151553464748,id27260
0.002303382940028673,0.000591456127107372,0.9971051609328639,id23167
0.0004616633588943685,0.9989534056763049,0.0005849309648008075,id10393
0.9908976591942873,0.005799039864232415,0.0033033009414802084,id01171
0.9930935776438815,0.0037181208535661866,0.0031883015025522747,id06380
0.14887726781514557,0.009011607648084093,0.8421111245367703,id22686
0.036886945414098544,0.003568855578956596,0.9595441990069449,id26250
0.12719415951315152,0.7799800830797444,0.09282575740710393,id09315
0.006997900927506128,0.9803680536898868,0.012634045382606988,id00886
0.9691675372905258,0.016289434080078734,0.014543028629395615,id03101
0.7428790284678048,0.05247289454698596,0.20464807698520926,id12367
0.9945628119169436,0.002127446750516903,0.0033097413325393625,id10770
0.012010997026823716,0.9852809115566039,0.0027080914165723657,id14949
0.0022603242192101576,0.9968606235807081,0.0008790522000816446,id14141
0.6439395821931165,0.3113190628261665,0.044741354980717,id25417
0.8589244361144588,0.09947876724410688,0.04159679664143431,id26873
0.5204866115314186,0.01730861227510056,0.4622047761934807,id10818
0.8475393844376399,0.007161704715715168,0.14529891084664476,id15146
0.9876240312942022,0.0070603836968153,0.005315585008982453,id23328
0.07250007811329252,0.8439810646616848,0.08351885722502254,id16765
0.9642670932207728,0.007293312492497859,0.028439594286729392,id24383
0.9803729528725088,0.013615388612940656,0.0060116585145504825,id21304
0.011261097520336138,0.982794406966566,0.005944495513097794,id12551
0.1450587790859271,0.2924337179533975,0.5625075029606754,id23274
0.9829455654818611,0.006725228652232512,0.010329205865906447,id08117
0.8703713195328351,0.038745108885207845,0.09088357158195695,id23961
0.003678636368404237,0.9942780396879534,0.002043323943642509,id13865
0.11454200721852462,0.027593665554943497,0.8578643272265319,id22807
0.033546818094623516,0.008684231538698496,0.9577689503666779,id08951
0.9983583641851946,0.0010252820613595266,0.0006163537534457159,id18684
0.1772853785549179,0.4466630170337024,0.37605160441137964,id25179
0.9009294781970673,0.015510824818171976,0.08355969698476083,id27033
